d 70 30 25
putBox 0 69 0 0 0 24 0.8 0.8 0.8 1.0
putBox 0 69 0 1 0 24 0.3 0.3 0.3 1.0
cutBox 1 68 1 1 1 23 0.3 0.3 0.3 1.0
putBox 0 69 2 2 0 24 1.0 0.75 0.8 1.0
cutBox 0 9 2 2 0 24 1.0 0.75 0.8 1.0
cutBox 0 69 2 2 8 16 1.0 0.75 0.8 1.0
cutBox 15 32 2 2 0 24 1.0 0.75 0.8 1.0
cutBox 0 69 2 2 22 24 1.0 0.75 0.8 1.0
cutBox 0 69 2 2 0 2 1.0 0.75 0.8 1.0
cutBox 38 54 2 2 0 24 1.0 0.75 0.8 1.0
cutBox 59 69 2 2 0 24 1.0 0.75 0.8 1.0

putSphere 12 7 5 5 1.0 0.75 0.8 1.0
putSphere 57 7 5 5 1.0 0.75 0.8 1.0
putSphere 12 7 19 5 1.0 0.75 0.8 1.0
putSphere 57 7 19 5 1.0 0.75 0.8 1.0
putSphere 35 7 5 5 1.0 0.75 0.8 1.0
putSphere 35 7 19 5 1.0 0.75 0.8 1.0
cutBox 0 69 7 12 0 24 1.0 0.75 0.8 1.0

putSphere 12 7 5 4 0.6 0.3 0.0 1.0
putSphere 57 7 5 4 0.6 0.3 0.0 1.0
putSphere 12 7 19 4 0.6 0.3 0.0 1.0
putSphere 57 7 19 4 0.6 0.3 0.0 1.0
putSphere 35 7 5 4 0.6 0.3 0.0 1.0
putSphere 35 7 19 4 0.6 0.3 0.0 1.0
putSphere 30 7 19 4 0.6 0.3 0.0 1.0